0: 2,28,30,27,29,1
1: 3,32,0,28,27,31
2: 0,30,4,34,29,33
3: 1,36,32,35,5,31
4: 6,38,34,37,2,33
5: 3,36,35,7,40,39
6: 4,38,42,8,45,41,37
7: 9,40,44,5,39,43
8: 10,46,49,45,6,38,42,41
9: 7,44,43,11,48,47
10: 8,12,46,50,49,45,42
11: 13,52,48,9,47,51
12: 10,50,14,54,53,49
13: 11,52,51,55,15,56,59
14: 16,54,58,53,57,12
15: 17,60,56,63,59,13,52,55
16: 14,58,18,62,61,57
17: 15,64,60,56,63,59,19
18: 20,66,62,65,61,16
19: 21,68,72,17,64,63,67
20: 18,70,66,69,22,124,65
21: 23,68,72,19,67,71,76
22: 24,74,128,73,20,70,69
23: 21,72,71,25,76,75
24: 22,74,78,26,81,73,77
25: 80,76,23,79,75
26: 24,74,78,82,81,77
27: 83,29,0,1,85,31
28: 0,30,84,86,1,32
29: 27,83,87,33,91,0,2
30: 0,2,28,34,84,88
31: 85,89,27,1,3,35
32: 1,3,36,28,86,90
33: 87,29,4,91,37,2
34: 4,38,92,88,2,30
35: 3,5,89,31,93,39
36: 3,32,5,90,94,40
37: 91,95,41,4,6,33
38: 4,6,42,34,8,92,96
39: 93,97,43,35,5,7
40: 7,44,36,5,98,94
41: 95,37,8,99,103,45,6
42: 6,38,100,8,10,46,96
43: 39,97,101,7,9,47
44: 7,9,40,98,102,48
45: 49,99,103,8,10,6,41
46: 8,10,50,100,104,96,42
47: 105,51,9,101,43,11
48: 11,52,102,9,44,106
49: 103,107,45,53,8,10,12
50: 10,12,46,54,104,108
51: 47,105,109,55,101,11,13
52: 11,13,48,106,110,15,56
53: 111,57,14,12,49,107
54: 14,58,112,108,12,50
55: 109,51,13,15,59,113
56: 15,17,60,110,13,52,114
57: 53,111,115,61,14,16
58: 14,16,54,62,112,116
59: 15,17,63,13,55,113,117
60: 15,17,64,56,114,118,122
61: 65,119,18,16,115,57
62: 18,66,120,116,16,58
63: 15,17,59,117,19,67,121
64: 17,60,118,122,68,19
65: 119,123,61,127,18,20,69
66: 18,20,70,62,120,124
67: 71,125,121,63,117,21,19
68: 21,72,19,64,126,130,122
69: 20,70,22,73,131,127,65,123
70: 20,66,69,128,22,74,124,180
71: 67,125,129,21,23,75
72: 21,23,68,19,126,130,134,76
73: 77,131,135,127,24,22,69
74: 24,22,78,26,132,128,70
75: 79,133,23,71,129,25
76: 25,80,130,21,23,72,134
77: 73,131,135,81,24,26
78: 24,74,26,82,132,136
79: 133,75,25
80: 25,76,134
81: 24,26,77,135
82: 192,136,78,26
83: 27,139,87,137,29,85
84: 88,138,140,28,30,86
85: 141,89,31,27,83,137
86: 90,142,84,138,28,32
87: 143,139,83,29,33,147,91
88: 84,140,92,144,34,30
89: 141,145,85,31,35,93
90: 86,142,146,36,32,94
91: 147,95,37,143,87,29,33
92: 96,148,144,38,34,88
93: 39,97,149,35,145,89
94: 98,150,90,146,36,40
95: 147,151,91,41,37,99
96: 92,148,152,100,46,38,42
97: 93,39,153,101,149,43
98: 102,150,154,94,40,44
99: 103,155,45,151,95,41
100: 104,156,160,46,96,152,42
101: 153,97,43,47,157,105,51
102: 98,154,44,106,158,48
103: 159,49,99,107,155,45,41
104: 100,156,160,108,46,50
105: 47,157,109,161,51,101
106: 110,162,158,102,52,48
107: 159,49,103,53,163,111
108: 104,160,112,164,54,50
109: 105,161,165,51,55,169,113
110: 106,162,166,52,114,56
111: 53,163,167,115,57,107
112: 116,164,168,54,58,108
113: 169,117,109,165,55,59
114: 118,170,110,166,60,56
115: 167,111,57,171,119,61
116: 112,168,120,172,62,58
117: 173,169,113,63,59,67,121
118: 114,170,174,64,60,122
119: 65,175,123,179,61,115,171
120: 124,172,176,66,62,116
121: 67,125,177,63,173,117
122: 126,178,118,174,64,60,68
123: 65,175,119,179,183,127,69
124: 120,176,180,128,20,70,66
125: 67,71,181,129,177,121
126: 130,178,182,122,68,72,186
127: 73,187,131,183,69,65,123,179
128: 132,184,22,74,124,180,70
129: 71,181,125,177,133,75,185
130: 126,182,68,72,134,190,186,76
131: 73,77,187,135,183,127,191,69
132: 128,184,188,136,74,78
133: 79,189,75,185,129
134: 190,186,130,72,80,76
135: 73,77,187,131,191,81
136: 132,188,192,82,78
137: 139,83,193,141,85,195
138: 84,140,194,86,142,196
139: 143,83,87,137,193,197
140: 84,88,138,198,194,144
141: 145,85,89,137,195,199
142: 86,90,200,146,196,138
143: 139,87,147,91,201,205,197
144: 92,148,202,88,140,198
145: 141,89,199,93,149,203
146: 90,200,142,204,150,94
147: 151,91,95,201,205,143,87
148: 92,96,152,202,206,144
149: 93,153,97,145,207,203
150: 98,154,208,94,146,204
151: 147,95,99,155,205,209
152: 96,148,206,100,214,156,210
153: 97,101,149,207,211,157
154: 98,102,150,212,208,158
155: 159,99,103,213,151,209
156: 100,104,214,160,210,152
157: 105,161,153,101,211,215
158: 106,162,216,102,154,212
159: 103,107,155,163,213,217
160: 100,104,214,156,218,108,164
161: 157,105,109,165,215,219
162: 106,110,158,216,220,166
163: 167,111,221,159,107,217
164: 112,168,222,160,218,108
165: 109,161,219,275,169,113,223,227
166: 110,162,220,114,170,224
167: 163,111,115,171,221,225
168: 112,116,164,226,222,172
169: 173,113,117,109,165,223,227
170: 114,118,228,174,224,166
171: 167,115,175,119,229,225
172: 120,176,230,116,168,226
173: 169,117,227,177,121,231
174: 118,228,170,178,122,232
175: 119,123,179,229,233,171
176: 120,124,172,180,230,234,238
177: 181,125,129,121,173,235,231
178: 126,182,122,236,240,232,174
179: 175,119,123,183,127,241,237,233,289
180: 124,176,234,128,184,238,70
181: 125,129,177,235,239,231,185
182: 126,130,178,236,240,244,186
183: 187,131,127,241,237,123,179
184: 132,128,188,238,242,180
185: 133,189,181,129,235,239,243
186: 134,190,244,126,130,182,240
187: 131,135,183,127,191,241,245,237
188: 132,184,238,242,246,136,192
189: 133,185,239,243
190: 134,244,186,130,240
191: 187,131,135,241,245
192: 82,188,246,136
193: 197,247,249,139,137,195
194: 138,140,198,248,250,196
195: 199,251,137,193,247,141
196: 200,142,248,138,194,252
197: 193,249,253,201,143,139
198: 140,194,254,202,144,250
199: 195,251,255,141,145,203
200: 142,146,196,204,252,256
201: 205,257,147,143,197,253
202: 148,206,144,258,254,198
203: 207,259,145,199,255,149
204: 200,146,256,260,150,208
205: 201,257,261,209,147,151,143
206: 148,152,202,210,258,262
207: 211,259,263,203,153,149
208: 150,154,212,204,260,264
209: 205,261,155,213,265,151
210: 214,156,266,316,262,152,206
211: 207,263,153,157,215,267
212: 154,208,264,268,158,216
213: 217,265,269,159,155,209
214: 156,160,210,218,266,270,152
215: 219,271,267,211,263,157,161
216: 162,158,220,212,272,268
217: 213,269,163,221,273,159
218: 214,160,274,164,222,270
219: 215,271,275,161,165,223
220: 162,216,166,272,276,224
221: 225,273,277,163,167,217
222: 164,168,226,274,278,218
223: 227,279,283,165,219,275,169
224: 228,170,276,220,166,280
225: 221,277,281,229,167,171
226: 168,222,282,172,230,278
227: 223,279,283,165,173,169,231
228: 170,174,224,280,284,232
229: 233,285,289,175,171,225,281
230: 172,176,234,286,282,226
231: 235,287,173,227,283,181,177
232: 178,236,284,228,174,288
233: 229,285,289,237,175,179
234: 176,180,230,238,286,290
235: 239,287,291,231,181,177,185
236: 178,182,240,232,288,292,296
237: 241,293,187,183,179,233,289
238: 184,188,242,294,290,176,180,234
239: 235,287,291,345,181,189,185,243,295
240: 178,182,236,292,296,190,244,186
241: 245,293,297,237,187,183,191,179
242: 184,188,238,246,294,298,290
243: 295,239,189,185
244: 190,186,182,240,296
245: 241,293,297,187,191
246: 188,242,192,294,298
247: 193,249,299,195,251,301
248: 250,300,194,252,302,196
249: 193,197,247,303,299,253
250: 248,300,304,254,198,194
251: 195,199,305,255,301,247
252: 256,302,306,248,200,196
253: 197,249,303,201,257,307
254: 258,308,202,250,304,198
255: 199,305,251,259,309,203
256: 252,306,310,200,204,260
257: 201,205,261,307,311,253
258: 262,308,312,254,202,206
259: 207,263,313,309,203,255
260: 264,314,256,310,204,208
261: 205,257,311,209,265,315
262: 258,312,266,316,210,364,206
263: 207,211,259,317,313,215,267
264: 260,314,318,212,208,268
265: 213,269,315,319,261,311,209
266: 270,316,320,214,210,262
267: 215,271,211,263,317,369,321
268: 272,322,264,318,212,216
269: 323,213,217,265,319,273
270: 266,320,274,324,214,218
271: 215,219,275,267,321,325
272: 276,322,326,268,216,220
273: 221,277,327,323,217,269
274: 278,328,324,222,270,218
275: 219,271,165,325,223,279,329
276: 272,326,220,280,330,224
277: 221,225,273,281,327,331
278: 274,328,332,282,226,222
279: 223,227,333,283,337,329,275
280: 284,330,334,276,228,224
281: 225,277,331,229,285,335
282: 286,336,230,278,332,226
283: 223,227,333,279,337,287,231
284: 280,334,228,288,338,232
285: 229,233,339,289,335,343,281
286: 290,336,340,282,230,234
287: 235,239,291,345,341,231,283,337
288: 292,338,342,284,236,232
289: 229,233,339,285,293,237,343,179
290: 286,340,294,344,238,242,234
291: 235,239,287,345,341,393,295
292: 288,342,346,236,240,296
293: 241,245,297,347,237,343,339,289
294: 298,348,344,238,242,246,290
295: 243,239,291,345,397
296: 292,346,236,240,244
297: 241,245,293,347,343,399
298: 294,348,344,242,246
299: 247,249,303,349,351,301
300: 248,250,350,304,352,302
301: 305,251,247,299,349,353
302: 252,306,354,248,350,300
303: 249,299,253,307,351,355
304: 250,300,352,356,308,254
305: 251,255,301,353,357,309
306: 252,256,302,310,354,358
307: 257,311,359,303,253,355
308: 258,312,254,360,356,304
309: 259,313,305,255,357,361
310: 256,306,358,260,314,362
311: 257,261,307,265,315,359,363
312: 258,262,308,316,360,364
313: 259,263,317,309,361,365
314: 260,264,366,318,362,310
315: 265,319,367,261,311,359,363
316: 266,320,368,210,364,262,312
317: 263,313,365,267,369,321
318: 264,366,314,322,370,268
319: 323,265,269,315,367,371
320: 266,270,316,368,324,372
321: 373,369,325,317,365,271,267
322: 272,326,374,370,268,318
323: 269,319,273,327,375,371
324: 274,328,376,372,270,320
325: 373,377,321,271,275,329
326: 272,276,322,374,378,330
327: 273,277,331,375,379,323
328: 274,278,380,332,324,376,384
329: 333,279,275,377,325,381
330: 280,334,276,326,378,382
331: 277,281,327,335,387,379,383
332: 278,380,328,336,388,282,384
333: 279,283,337,329,381,385,389
334: 280,284,330,382,386,338
335: 339,285,387,391,281,331,383
336: 286,340,392,388,282,384,332
337: 333,279,283,385,287,341,389
338: 288,342,390,386,284,334
339: 285,289,335,293,343,395,387,391
340: 286,290,336,392,388,396,344
341: 287,291,345,337,389,393
342: 288,292,338,346,390,394,398
343: 293,297,347,395,399,339,285,289,391
344: 294,298,348,396,446,290,340,392
345: 239,287,291,341,393,295,397
346: 292,342,394,296,398
347: 293,297,343,395,399
348: 294,298,396,400,344,450
349: 351,401,299,301,353,403
350: 300,352,402,404,302,354
351: 349,405,401,355,303,299
352: 350,300,304,356,402,406
353: 357,403,407,349,305,301
354: 302,306,358,350,404,408
355: 351,405,307,359,409,303
356: 410,360,308,406,304,352
357: 353,407,411,305,309,361
358: 306,310,354,408,412,362
359: 363,409,413,315,307,311,355
360: 410,414,462,364,356,308,312
361: 365,415,357,411,313,309
362: 366,314,412,310,358,416
363: 359,413,315,367,417,311
364: 414,360,418,316,368,262,312
365: 361,419,415,317,313,369,321
366: 314,318,362,416,420,370
367: 371,417,421,315,319,363
368: 316,320,418,422,372,364
369: 373,423,321,317,365,419,267
370: 322,374,420,366,318,424
371: 367,421,425,375,323,319
372: 422,426,324,376,320,368
373: 377,423,427,369,321,325
374: 322,326,370,378,424,428
375: 379,429,327,323,371,425
376: 380,328,324,430,426,372
377: 373,427,325,329,381,431
378: 326,374,428,432,382,330
379: 375,433,429,383,327,331
380: 328,332,376,438,384,430,434
381: 385,431,435,439,377,333,329
382: 432,436,386,378,330,334
383: 379,433,335,387,437,441,331
384: 336,388,438,434,380,328,332
385: 381,435,439,333,337,389,443
386: 436,440,382,334,338,390
387: 391,437,441,339,335,331,383
388: 336,340,392,384,446,438,442,332
389: 393,443,333,337,385,439,341
390: 338,342,394,440,386,444
391: 387,441,343,395,449,445,339,335
392: 336,340,388,446,396,344,442
393: 389,447,443,495,291,345,341,397
394: 342,346,390,444,448,398
395: 399,449,445,347,343,339,391
396: 348,400,344,450,498,446,340,392
397: 345,393,447,295
398: 448,342,346,394
399: 395,449,297,347,343
400: 348,396,450
401: 349,351,405,451,453,403
402: 406,452,454,350,352,404
403: 353,407,349,401,451,455
404: 408,456,402,452,350,354
405: 351,401,355,409,453,457
406: 402,454,458,410,356,352
407: 353,357,403,411,459,455
408: 404,412,456,460,354,358
409: 359,413,461,405,355,457
410: 414,462,360,356,406,458
411: 357,407,459,361,415,463
412: 408,460,358,416,464,362
413: 359,363,409,417,461,465
414: 410,462,466,360,364,418,512
415: 361,365,419,411,463,467
416: 420,464,468,412,366,362
417: 367,421,469,363,413,465
418: 422,470,368,414,466,364
419: 365,415,467,471,423,369
420: 416,468,472,366,424,370
421: 367,371,417,425,469,473
422: 418,426,470,474,372,368
423: 373,427,369,419,471,521,475
424: 428,476,420,472,374,370
425: 371,421,375,429,477,473
426: 422,474,372,430,478,376
427: 373,377,423,525,479,475,431
428: 424,476,480,526,374,378,432
429: 375,379,433,477,481,425
430: 434,478,482,380,376,426
431: 381,435,377,427,479,483
432: 436,484,382,428,480,378
433: 379,429,383,437,489,481,485
434: 430,482,438,486,384,532,380
435: 381,385,431,439,487,483,491
436: 432,440,484,488,382,386
437: 387,441,493,489,433,383,485
438: 442,494,490,486,388,384,434,380
439: 381,385,435,487,389,443,495,491
440: 436,488,386,444,492,496,390
441: 387,391,437,493,445,489,383
442: 438,494,490,498,446,392,388
443: 389,393,447,495,385,439,491
444: 448,492,496,440,390,394
445: 395,449,497,391,441,493
446: 450,498,396,344,442,494,392,388
447: 393,443,495,397
448: 444,496,394,398
449: 395,399,445,497,391
450: 498,446,348,396,400
451: 499,453,401,403,501,455
452: 402,454,500,502,404,456
453: 499,503,451,457,405,401
454: 402,406,452,458,504,500
455: 501,505,459,451,403,407
456: 404,408,460,452,502,506
457: 503,453,409,507,461,405
458: 406,454,508,410,462,504
459: 505,509,455,407,411,463
460: 408,412,456,506,510,464
461: 507,511,465,409,413,457
462: 410,414,466,360,508,512,458
463: 513,517,467,411,509,459,415
464: 416,468,510,412,460,514
465: 511,461,417,515,469,413
466: 414,462,516,418,470,556,512
467: 513,517,463,471,419,415
468: 416,420,464,472,518,514
469: 515,519,473,417,421,465
470: 418,422,474,520,516,466
471: 517,467,561,419,423,521,475
472: 420,468,518,522,424,476
473: 519,523,469,477,421,425
474: 422,426,470,478,524,520
475: 521,525,565,479,471,423,427
476: 424,428,480,472,526,522
477: 527,481,429,425,523,473
478: 430,482,568,528,524,426,474
479: 525,569,475,427,431,529,483
480: 428,476,570,526,530,432,484
481: 527,531,477,485,433,429
482: 430,434,478,486,572,532,528
483: 529,533,487,479,431,435
484: 432,436,488,480,530,534
485: 531,481,437,535,489,433
486: 438,490,536,532,434,482
487: 533,537,483,435,439,491
488: 436,440,484,534,538,492
489: 535,539,437,441,493,433,485
490: 438,442,494,486,536,540
491: 435,439,537,487,443,495
492: 444,496,538,440,488
493: 437,441,445,497,539,489
494: 438,442,490,498,446,540
495: 393,447,443,439,491
496: 444,448,492,440
497: 449,445,493
498: 450,446,396,442,494
499: 503,541,543,451,453,501
500: 542,544,504,582,452,454,502
501: 505,545,455,499,541,451
502: 546,550,506,542,500,452,456
503: 499,543,453,457,547,507
504: 544,500,508,548,454,458
505: 501,509,545,549,459,455
506: 546,550,502,510,456,460
507: 511,551,555,461,503,457,547
508: 552,512,548,462,504,458
509: 505,545,549,459,513,553,463
510: 550,506,460,554,514,464
511: 507,551,555,461,465,515
512: 552,556,508,516,414,462,466
513: 517,553,557,463,467,561,509
514: 554,558,518,510,464,468
515: 519,559,469,511,555,465
516: 560,520,470,556,512,466
517: 513,557,463,467,561,471,521
518: 558,514,562,468,472,522
519: 515,523,559,563,469,473
520: 560,564,524,516,470,474
521: 525,565,475,603,517,561,471,423
522: 566,604,526,518,562,472,476
523: 519,563,473,527,567,477
524: 564,606,520,568,528,478,474
525: 521,565,569,479,475,427,529
526: 566,570,522,428,476,480,530
527: 531,567,571,477,481,523
528: 568,572,532,610,576,478,482,524
529: 533,573,483,525,569,479
530: 574,612,534,570,526,480,484
531: 527,571,481,575,485,535
532: 572,528,580,576,536,486,434,482
533: 529,537,573,577,487,483
534: 574,578,530,538,484,488
535: 539,579,489,531,575,485
536: 580,618,576,540,490,486,532
537: 533,577,487,491
538: 578,534,488,492
539: 535,579,489,493
540: 580,536,494,490
541: 499,543,581,501,545,583
542: 544,582,500,546,584,502
543: 499,503,541,547,581,585,583
544: 542,504,582,586,500,590,548
545: 501,505,509,549,541,583,587
546: 550,584,588,502,506,542
547: 503,543,507,551,589,585
548: 552,590,594,508,544,504,586
549: 505,509,545,587,591,553
550: 546,588,592,502,506,510,554
551: 507,511,555,589,593,597,547
552: 556,590,594,508,512,548,598
553: 513,557,509,549,591,595
554: 558,596,514,550,592,510
555: 507,511,551,515,559,593,597
556: 552,594,512,560,598,516,466
557: 513,517,553,561,595,599,603
558: 554,518,596,600,514,562,592
559: 515,519,563,601,637,555,597
560: 564,598,602,520,516,638,556
561: 513,517,557,471,599,521,565,603,643
562: 558,518,600,566,604,522
563: 519,523,559,567,601,605
564: 560,602,606,524,520,568,610,642
565: 521,525,569,475,603,561,607,643
566: 570,604,608,526,522,562,612
567: 527,571,609,523,563,605
568: 572,610,528,478,564,606,524
569: 525,565,479,603,611,607,529,573
570: 566,608,526,480,574,612,530
571: 527,531,567,575,609,613
572: 568,532,610,614,528,618,576,650,482
573: 529,533,577,569,611,615
574: 578,612,616,530,534,570
575: 531,571,535,579,617,613
576: 580,618,536,572,532,614,528
577: 533,537,573,615
578: 574,616,534,538
579: 535,539,617,575
580: 618,576,536,540,532
581: 585,619,621,541,543,583
582: 542,544,586,500,620,622,584
583: 587,623,541,543,581,619,545
584: 546,588,620,542,582,624
585: 581,621,625,589,629,543,547
586: 544,582,590,548,622,626
587: 583,591,623,627,545,549
588: 546,550,584,592,624,628,658
589: 593,629,633,551,547,585,625
590: 552,594,548,630,626,544,586
591: 587,627,549,553,595,631,635
592: 550,588,628,632,554,558,596
593: 589,629,633,597,637,551,555
594: 552,556,590,548,598,630,634
595: 599,631,635,639,591,553,557
596: 554,558,600,628,592,632,636
597: 593,633,559,601,637,551,555
598: 560,602,638,668,630,634,552,556,594
599: 595,635,639,557,561,603,643
600: 558,596,562,636,670,640,604
601: 605,637,641,671,559,563,597
602: 560,564,598,606,638,642,672
603: 521,565,569,557,561,599,639,607,643,647
604: 566,608,522,600,562,644,640
605: 601,641,567,609,645,563
606: 564,602,524,646,650,568,610,642,676
607: 611,643,647,565,569,603
608: 566,570,604,644,648,640,612
609: 613,645,649,567,571,605
610: 568,572,614,528,646,650,564,606
611: 607,647,569,573,615
612: 574,616,530,644,648,566,570,608
613: 609,649,617,571,575
614: 572,610,618,576,650
615: 611,573,577
616: 574,578,612,648
617: 579,575,613
618: 580,576,536,572,614
619: 581,621,651,583,623,653
620: 622,652,678,582,624,654,584
621: 581,585,619,655,651,625
622: 620,652,656,626,582,586
623: 583,587,627,653,657,619
624: 628,654,658,682,620,584,588
625: 585,621,655,651,589,629,659
626: 622,652,656,630,660,590,586
627: 587,591,623,657,661,631
628: 624,658,588,592,632,662,596
629: 589,593,633,663,659,585,655,625
630: 634,660,664,598,590,594,626
631: 595,635,665,591,627,661,689
632: 636,666,690,662,628,658,592,596
633: 589,593,629,597,663,637,667,671,691
634: 630,664,692,638,668,598,594
635: 595,599,631,639,665,669,591
636: 632,694,666,670,662,596,600,640
637: 601,641,667,671,559,593,633,597
638: 642,672,668,560,598,602,634
639: 595,599,635,665,669,603,643,647,673
640: 644,674,636,666,670,600,604,608
641: 675,601,605,637,671,645
642: 638,672,676,646,564,602,606
643: 607,647,673,561,599,639,565,603
644: 648,674,640,604,608,612
645: 609,649,675,605,641,671
646: 650,610,642,676,606
647: 611,607,643,673,639,603
648: 644,608,612,616
649: 609,613,645
650: 646,572,610,614,606
651: 619,621,655,625,677,679,697,653
652: 620,622,680,656,678,626,684,654
653: 623,657,619,651,677,681
654: 624,658,682,620,652,678,700
655: 621,651,625,629,659,679,683
656: 622,680,652,678,626,660,688,684
657: 623,627,653,661,677,681,685,689
658: 624,628,654,686,682,588,632,662
659: 687,629,663,655,625,679,683
660: 630,664,688,684,680,656,626
661: 627,657,685,631,665,689
662: 632,636,694,666,690,628,658,686
663: 629,633,667,687,691,659
664: 630,634,660,688,692,668
665: 631,635,639,669,661,689,693
666: 632,636,694,670,690,662,640
667: 637,671,695,633,663,691
668: 638,696,672,598,634,664,692
669: 635,639,665,693,673
670: 636,694,666,690,600,674,640
671: 675,601,637,641,667,645,695,633,691
672: 638,642,696,676,668,602
673: 643,647,639,669
674: 644,640,670
675: 641,671,645,695
676: 642,672,646,606
677: 679,697,651,653,657,681,699
678: 620,680,652,656,698,702,700,654,682
679: 677,683,697,701,659,655,651
680: 652,656,678,660,684,698,702
681: 685,699,677,697,653,657
682: 624,654,658,686,678,700
683: 679,701,687,659,655
684: 660,688,702,680,652,656
685: 681,657,661,689
686: 658,682,690,662
687: 691,659,663,683
688: 660,664,692,684,656
689: 693,657,661,685,631,665
690: 632,694,666,670,662,686
691: 687,667,671,695,633,663
692: 634,664,688,696,668
693: 689,665,669
694: 636,666,670,690,662
695: 675,667,671,691
696: 672,668,692
697: 677,679,701,651,681,699
698: 702,680,678,700
699: 681,677,697
700: 698,678,654,682
701: 679,683,697
702: 698,684,680,678